8.690489603703892e-09 0.9999759758436609 1.406935234499357e-05 8.770049506712786e-07 3.745186786134683e-09 6.8175142013572934e-06 1.1213498489013442e-06 1.1264909696371194e-06 5.491350431568638e-12 2.8556191431629526e-12 
8.519133872225814e-59 2.418478922292142e-11 4.355762424127204e-11 2.3499206552718773e-13 6.5648139682221596e-108 1.3866312834292663e-30 1.0412903686218917e-20 9.862650172419876e-55 9.235717198712091e-28 0.9999999999320225 
3.121160805658113e-31 9.046683312257627e-08 0.9999998672067941 1.203737004088924e-22 1.1817287161083464e-22 4.230202099868026e-08 1.942000063092322e-75 2.3774230073084572e-15 1.2270949811195541e-16 2.4349261050716122e-11 
1.1737205328599226e-13 1.5253467163988086e-13 2.535228533559104e-13 1.3147194824362211e-14 2.4671610701002404e-12 1.2552549088284204e-11 1.021049600826093e-12 3.326382138351836e-11 0.9999999999501581 4.524190325657568e-16 
1.0179891442389102e-05 7.704980685593322e-07 9.764215801708085e-12 3.7409712882802444e-16 1.1011095473375375e-13 1.4391693844902398e-20 6.62926998549397e-09 4.254074644898408e-15 0.001004499991847629 0.9989845429794926 
0.1030521242467131 1.2775491374291043e-10 9.288578225027945e-17 6.87964140240055e-35 1.7466945718305473e-74 0.8969478753957485 5.922660584555884e-18 9.60673288237086e-46 2.0938116213673297e-10 2.0402041923060427e-11 
2.4724411406003618e-14 2.3426029018048968e-09 1.705908085659551e-18 1.8347748998938194e-11 2.419347916561017e-10 3.9035277870177864e-15 0.9999999963397598 3.0864202283720106e-11 1.0264621645933785e-09 1.4353784165528448e-20 
2.5148696587509547e-17 0.9999998094439793 3.504107699978014e-11 3.729535518076574e-21 2.9687162738862443e-13 7.595359498783483e-21 1.9052068025658676e-07 2.038969722085539e-55 1.4873481300057727e-17 2.5368416301951702e-15 
5.27448961545951e-10 1.3674645435686285e-06 0.9999809941119299 3.296357795214237e-09 1.6337413300293115e-05 1.2555049664637786e-06 3.0309373276203386e-12 6.596529864091721e-10 4.101406936865734e-08 4.6997953435772596e-12 
0.00010379818353085752 2.6302339297351333e-09 3.809636692918817e-08 0.0008863571553108457 6.418375136269236e-07 0.9990071509863493 2.182148596310387e-12 2.0023919805928966e-06 8.716526719648834e-09 5.305083480642365e-15 
0.00014650873462869943 5.388210975184433e-07 1.5292934463771206e-05 0.0013647337447014278 3.8701431662909004e-06 0.1469932864905247 0.8514456095907496 1.1945175743279408e-06 4.196140160911293e-10 2.8964603479750092e-05 
6.965003933171646e-09 6.393796874913012e-08 0.9833736066333323 0.00015508109153144212 0.016154720868847706 9.135429238545441e-05 0.00022482279724490107 3.1078400227063835e-07 1.2964457386246396e-14 3.2629670322890285e-08 
5.191383704812614e-09 6.51028569184209e-11 6.079195190303261e-08 1.4746146720890405e-05 0.9999851877305566 2.9964803832417945e-11 4.068055174751734e-12 2.744292061393413e-13 3.9974281140916914e-11 2.496184478722465e-15 
0.9999769990163274 1.7000558573421288e-12 9.529913874159684e-10 1.881986728011997e-06 2.166414880377535e-09 2.078110704919411e-05 2.5449873636832098e-14 1.2572024551174248e-07 2.0903454621524702e-07 1.3972306033503894e-11 
2.0467835797127084e-05 3.2782768905790905e-09 3.5583138239639823e-12 0.9998893424295213 3.987664354970421e-08 8.346021348218584e-11 8.981506946030432e-05 3.31423221343486e-07 4.491525925138301e-14 1.6172514085715787e-14 
2.4959382565269425e-09 1.111905984989271e-12 1.786840595708396e-11 7.692269070834781e-10 5.203431152372151e-11 6.736035866996644e-08 1.1978309336740494e-11 0.9999999292206989 6.833374009776628e-11 2.4504591674509724e-12 
